#SASA Calculations for N234A of SARS-COV2 spike_open
#probe-radius	G7	G31	G54
1.4	1308.9130859375	1221.324462890625	1749.22021484375
2.0	1192.50634765625	983.969970703125	1674.883544921875
3.0	1008.1314697265625	612.93408203125	1561.0101318359375
4.0	823.2437744140625	336.1557312011719	1336.952880859375
5.0	572.0604248046875	159.72509765625	1078.4884033203125
6.0	429.76214599609375	89.00860595703125	842.6420288085938
7.0	290.49072265625	37.97858428955078	745.330322265625
8.0	217.58343505859375	16.2860164642334	689.597412109375
9.0	138.5362091064453	0.0	643.1652221679688
10.0	94.27291870117188	0.0	588.8988647460938
11.0	50.6676025390625	0.0	589.6849365234375
12.0	21.237165451049805	0.0	539.4559326171875
13.0	4.9260172843933105	0.0	510.3487243652344
14.0	0.0	0.0	459.6999206542969
15.0	0.0	0.0	418.10675048828125
16.0	0.0	0.0	367.8232116699219
17.0	0.0	0.0	305.9441223144531
18.0	0.0	0.0	267.1575012207031
19.0	0.0	0.0	163.28038024902344
20.0	0.0	0.0	135.23500061035156
21.0	0.0	0.0	86.81979370117188
