#SASA Calculations for N234A of SARS-COV2 spike_closed
#probe-radius	G7	G31	G54
1.4	1273.3291015625	1326.0775146484375	1437.56640625
2.0	1029.5223388671875	1249.0020751953125	1288.6529541015625
3.0	725.3466796875	1126.933837890625	968.1429443359375
4.0	553.4371337890625	1054.3525390625	589.40625
5.0	430.3688049316406	1025.908203125	365.59613037109375
6.0	262.30615234375	987.418701171875	240.16018676757813
7.0	193.74276733398438	941.907958984375	197.7112274169922
8.0	173.39981079101563	880.0869140625	165.4478302001953
9.0	129.61056518554688	806.326416015625	146.07601928710938
10.0	92.46989440917969	775.5806884765625	130.9337921142578
11.0	62.69035720825195	677.0933837890625	90.47786712646484
12.0	34.177764892578125	635.6756591796875	84.94866180419922
13.0	29.769481658935547	657.2573852539063	68.96424102783203
14.0	16.964599609375	605.4122314453125	56.548667907714844
15.0	6.433981895446777	524.7034301757813	38.60388946533203
16.0	0.0	408.27789306640625	43.58017349243164
17.0	0.0	374.919921875	48.85804748535156
18.0	0.0	370.71368408203125	45.364601135253906
19.0	0.0	338.7408447265625	40.21238708496094
20.0	0.0	282.5103454589844	11.083539009094238
21.0	0.0	272.9576416015625	12.164247512817383
