#SASA Calculations for N709 of SARS-COV2 spike_open
#probe-radius	G14	G38	G61
1.4	1270.65478515625	1049.95361328125	1269.6778564453125
2.0	1268.2974853515625	965.5371704101563	1252.66015625
3.0	1183.902099609375	855.8069458007813	1273.37841796875
4.0	1150.1103515625	673.1655883789063	1301.587890625
5.0	1120.8707275390625	641.588623046875	1306.8470458984375
6.0	1139.4957275390625	615.9562377929688	1313.6685791015625
7.0	1130.4056396484375	592.9891357421875	1288.7528076171875
8.0	1077.4581298828125	612.7252197265625	1296.094482421875
9.0	1045.4019775390625	620.9560546875	1316.2796630859375
10.0	976.93408203125	664.281982421875	1288.69677734375
11.0	920.9017944335938	701.9702758789063	1348.9847412109375
12.0	868.6065063476563	699.7518310546875	1388.16943359375
13.0	856.005126953125	712.5471801757813	1458.812744140625
14.0	814.642333984375	755.0672607421875	1455.4527587890625
15.0	723.6697998046875	781.4342041015625	1562.585693359375
16.0	698.0364990234375	787.2879028320313	1652.7930908203125
17.0	700.0928344726563	784.7393798828125	1727.7333984375
18.0	705.8341674804688	810.0888671875	1842.0447998046875
19.0	681.15380859375	816.731689453125	1948.6309814453125
20.0	604.251953125	811.6498413085938	2058.084716796875
21.0	577.3978271484375	841.671142578125	2184.166259765625
